metre:1.0: 1, 0, 0, 0, 0, 0, 0, 0, 0
second:1.0: 0, 1, 0, 0, 0, 0, 0, 0, 0
kilogram:1.0: 0, 0, 1, 0, 0, 0, 0, 0, 0
kelvin:1.0: 0, 0, 0, 1, 0, 0, 0, 0, 0
mole:1.0: 0, 0, 0, 0, 1, 0, 0, 0, 0
ampere:1.0: 0, 0, 0, 0, 0, 1, 0, 0, 0
candela:1.0:0, 0, 0, 0, 0, 0, 1, 0, 0
radian:1.0: 0, 0, 0, 0, 0, 0, 0, 1, 0
steradian:1.0: 0, 0, 0, 0, 0, 0, 0, 0, 1
kilo:1e3: 0, 0, 0, 0, 0, 0, 0, 0, 0
mega:1e6: 0, 0, 0, 0, 0, 0, 0, 0, 0
giga:1e9: 0, 0, 0, 0, 0, 0, 0, 0, 0
milli:1e-3: 0, 0, 0, 0, 0, 0, 0, 0, 0
micro:1e-6: 0, 0, 0, 0, 0, 0, 0, 0, 0
nano:1e-9: 0, 0, 0, 0, 0, 0, 0, 0, 0
joule:1.0: 2, -2, 1, 0, 0, 0, 0, 0, 0
pascal:1.0: -1, -2, 1, 0, 0, 0, 0, 0, 0
bohr:5.29177e-11: 1, 0, 0, 0, 0, 0, 0, 0, 0
rydberg: 2.1798741E-18 : 2, -2, 1, 0, 0, 0, 0, 0, 0
